[cam_0]
name = "1"
size = [ 640, 480,]
matrix = [ [ 1270.8562740264863, 0.0, 319.5,], [ 0.0, 1270.8562740264863, 239.5,], [ 0.0, 0.0, 1.0,],]
distortions = [ -0.9649653819987261, 0.0, 0.0, 0.0, 0.0,]
rotation = [ -0.1546672091974971, -0.03182020344816758, -0.2900178291413123,]
translation = [ -14.314543936293841, -150.53587278595182, 447.368650938578,]

[cam_1]
name = "2"
size = [ 640, 480,]
matrix = [ [ 644.1741873311456, 0.0, 319.5,], [ 0.0, 644.1741873311456, 239.5,], [ 0.0, 0.0, 1.0,],]
distortions = [ 0.09152383652424148, 0.0, 0.0, 0.0, 0.0,]
rotation = [ 0.04696928892341255, 0.4473998385238004, 0.04744677613637358,]
translation = [ -388.01517814546963, -62.379830845608794, 6.725989170087052,]

[metadata]
